{
 "cells": [
  {
   "cell_type": "code",
   "execution_count": 1,
   "metadata": {},
   "outputs": [],
   "source": [
    "import numpy as np"
   ]
  },
  {
   "cell_type": "code",
   "execution_count": 2,
   "metadata": {},
   "outputs": [
    {
     "data": {
      "text/plain": [
       "array([0. , 1. , 2.5, 4. , 1.5])"
      ]
     },
     "execution_count": 2,
     "metadata": {},
     "output_type": "execute_result"
    }
   ],
   "source": [
    "np.convolve([1,2,3],[0,1,0.5], 'full')"
   ]
  },
  {
   "cell_type": "code",
   "execution_count": 4,
   "metadata": {},
   "outputs": [
    {
     "data": {
      "text/plain": [
       "array([ 4, 10, 12])"
      ]
     },
     "execution_count": 4,
     "metadata": {},
     "output_type": "execute_result"
    }
   ],
   "source": [
    "np.convolve([1,2,3],[1,2,3], 'same')"
   ]
  },
  {
   "cell_type": "code",
   "execution_count": 5,
   "metadata": {},
   "outputs": [
    {
     "data": {
      "text/plain": [
       "array([ 8, 14,  8])"
      ]
     },
     "execution_count": 5,
     "metadata": {},
     "output_type": "execute_result"
    }
   ],
   "source": [
    "np.convolve([1,2,3],[3,2,1], 'same')"
   ]
  },
  {
   "cell_type": "code",
   "execution_count": 7,
   "metadata": {},
   "outputs": [
    {
     "ename": "ValueError",
     "evalue": "object too deep for desired array",
     "output_type": "error",
     "traceback": [
      "\u001b[0;31m-----------------------------------------------------------------------\u001b[0m",
      "\u001b[0;31mValueError\u001b[0m                            Traceback (most recent call last)",
      "\u001b[0;32m<ipython-input-7-4b415ae122a0>\u001b[0m in \u001b[0;36m<module>\u001b[0;34m\u001b[0m\n\u001b[0;32m----> 1\u001b[0;31m \u001b[0mnp\u001b[0m\u001b[0;34m.\u001b[0m\u001b[0mconvolve\u001b[0m\u001b[0;34m(\u001b[0m\u001b[0;34m[\u001b[0m\u001b[0;36m1\u001b[0m\u001b[0;34m,\u001b[0m\u001b[0;36m2\u001b[0m\u001b[0;34m,\u001b[0m\u001b[0;36m3\u001b[0m\u001b[0;34m]\u001b[0m\u001b[0;34m,\u001b[0m\u001b[0;34m[\u001b[0m\u001b[0;34m[\u001b[0m\u001b[0;36m1\u001b[0m\u001b[0;34m]\u001b[0m\u001b[0;34m,\u001b[0m\u001b[0;34m[\u001b[0m\u001b[0;36m2\u001b[0m\u001b[0;34m]\u001b[0m\u001b[0;34m,\u001b[0m\u001b[0;34m[\u001b[0m\u001b[0;36m3\u001b[0m\u001b[0;34m]\u001b[0m\u001b[0;34m]\u001b[0m\u001b[0;34m,\u001b[0m \u001b[0;34m'same'\u001b[0m\u001b[0;34m)\u001b[0m\u001b[0;34m\u001b[0m\u001b[0;34m\u001b[0m\u001b[0m\n\u001b[0m",
      "\u001b[0;32m<__array_function__ internals>\u001b[0m in \u001b[0;36mconvolve\u001b[0;34m(*args, **kwargs)\u001b[0m\n",
      "\u001b[0;32m/usr/lib/python3/dist-packages/numpy/core/numeric.py\u001b[0m in \u001b[0;36mconvolve\u001b[0;34m(a, v, mode)\u001b[0m\n\u001b[1;32m    814\u001b[0m         \u001b[0;32mraise\u001b[0m \u001b[0mValueError\u001b[0m\u001b[0;34m(\u001b[0m\u001b[0;34m'v cannot be empty'\u001b[0m\u001b[0;34m)\u001b[0m\u001b[0;34m\u001b[0m\u001b[0;34m\u001b[0m\u001b[0m\n\u001b[1;32m    815\u001b[0m     \u001b[0mmode\u001b[0m \u001b[0;34m=\u001b[0m \u001b[0m_mode_from_name\u001b[0m\u001b[0;34m(\u001b[0m\u001b[0mmode\u001b[0m\u001b[0;34m)\u001b[0m\u001b[0;34m\u001b[0m\u001b[0;34m\u001b[0m\u001b[0m\n\u001b[0;32m--> 816\u001b[0;31m     \u001b[0;32mreturn\u001b[0m \u001b[0mmultiarray\u001b[0m\u001b[0;34m.\u001b[0m\u001b[0mcorrelate\u001b[0m\u001b[0;34m(\u001b[0m\u001b[0ma\u001b[0m\u001b[0;34m,\u001b[0m \u001b[0mv\u001b[0m\u001b[0;34m[\u001b[0m\u001b[0;34m:\u001b[0m\u001b[0;34m:\u001b[0m\u001b[0;34m-\u001b[0m\u001b[0;36m1\u001b[0m\u001b[0;34m]\u001b[0m\u001b[0;34m,\u001b[0m \u001b[0mmode\u001b[0m\u001b[0;34m)\u001b[0m\u001b[0;34m\u001b[0m\u001b[0;34m\u001b[0m\u001b[0m\n\u001b[0m\u001b[1;32m    817\u001b[0m \u001b[0;34m\u001b[0m\u001b[0m\n\u001b[1;32m    818\u001b[0m \u001b[0;34m\u001b[0m\u001b[0m\n",
      "\u001b[0;31mValueError\u001b[0m: object too deep for desired array"
     ]
    }
   ],
   "source": [
    "np.convolve([1,2,3],[[1],[2],[3]], 'same')"
   ]
  },
  {
   "cell_type": "code",
   "execution_count": 28,
   "metadata": {},
   "outputs": [],
   "source": [
    "window_x = np.random.randint(1, 5, size=(5, 5))"
   ]
  },
  {
   "cell_type": "code",
   "execution_count": 29,
   "metadata": {},
   "outputs": [
    {
     "data": {
      "text/plain": [
       "array([[4, 4, 3, 2, 3],\n",
       "       [1, 4, 2, 4, 2],\n",
       "       [3, 1, 1, 2, 3],\n",
       "       [4, 2, 2, 3, 2],\n",
       "       [3, 2, 1, 4, 4]])"
      ]
     },
     "execution_count": 29,
     "metadata": {},
     "output_type": "execute_result"
    }
   ],
   "source": [
    "window_x"
   ]
  },
  {
   "cell_type": "code",
   "execution_count": 42,
   "metadata": {},
   "outputs": [
    {
     "data": {
      "text/plain": [
       "array([[4, 1, 3, 4, 3],\n",
       "       [4, 4, 1, 2, 2],\n",
       "       [3, 2, 1, 2, 1],\n",
       "       [2, 4, 2, 3, 4],\n",
       "       [3, 2, 3, 2, 4]])"
      ]
     },
     "execution_count": 42,
     "metadata": {},
     "output_type": "execute_result"
    }
   ],
   "source": [
    "np.transpose(window_x)"
   ]
  },
  {
   "cell_type": "code",
   "execution_count": 43,
   "metadata": {},
   "outputs": [
    {
     "data": {
      "text/plain": [
       "array([[54, 40, 32, 42, 43],\n",
       "       [40, 41, 23, 32, 37],\n",
       "       [32, 23, 24, 28, 32],\n",
       "       [42, 32, 28, 37, 38],\n",
       "       [43, 37, 32, 38, 46]])"
      ]
     },
     "execution_count": 43,
     "metadata": {},
     "output_type": "execute_result"
    }
   ],
   "source": [
    "np.matmul(window_x, np.transpose(window_x))"
   ]
  },
  {
   "cell_type": "code",
   "execution_count": 44,
   "metadata": {},
   "outputs": [
    {
     "data": {
      "text/plain": [
       "array([[ 5.26315789e-01, -8.94736842e-01, -1.89473684e+00,\n",
       "         4.21052632e-01,  1.26315789e+00],\n",
       "       [ 1.00000000e+00, -1.00000000e+00, -3.00000000e+00,\n",
       "        -2.22044605e-16,  2.00000000e+00],\n",
       "       [-1.26315789e+00,  1.94736842e+00,  4.94736842e+00,\n",
       "        -2.10526316e-01, -3.63157895e+00],\n",
       "       [-4.21052632e-01,  3.15789474e-01,  3.15789474e-01,\n",
       "         2.63157895e-01, -2.10526316e-01],\n",
       "       [-1.57894737e-01,  3.68421053e-01,  1.36842105e+00,\n",
       "        -5.26315789e-01, -5.78947368e-01]])"
      ]
     },
     "execution_count": 44,
     "metadata": {},
     "output_type": "execute_result"
    }
   ],
   "source": [
    "np.linalg.inv(window_x)"
   ]
  },
  {
   "cell_type": "code",
   "execution_count": 45,
   "metadata": {},
   "outputs": [
    {
     "data": {
      "text/plain": [
       "array([[ 1.00000000e+00,  0.00000000e+00, -1.77635684e-15,\n",
       "         0.00000000e+00, -2.22044605e-16],\n",
       "       [-4.99600361e-16,  1.00000000e+00,  0.00000000e+00,\n",
       "         0.00000000e+00, -4.44089210e-16],\n",
       "       [-3.33066907e-16,  8.88178420e-16,  1.00000000e+00,\n",
       "         0.00000000e+00, -6.66133815e-16],\n",
       "       [-5.55111512e-17,  4.44089210e-16, -4.44089210e-16,\n",
       "         1.00000000e+00, -8.88178420e-16],\n",
       "       [-5.55111512e-16,  6.66133815e-16, -8.88178420e-16,\n",
       "         0.00000000e+00,  1.00000000e+00]])"
      ]
     },
     "execution_count": 45,
     "metadata": {},
     "output_type": "execute_result"
    }
   ],
   "source": [
    "np.matmul(window_x, np.linalg.inv(window_x))"
   ]
  },
  {
   "cell_type": "code",
   "execution_count": 46,
   "metadata": {},
   "outputs": [
    {
     "data": {
      "text/plain": [
       "array([[ 1.00000000e+00, -8.88178420e-16, -1.11022302e-15,\n",
       "        -8.88178420e-16, -1.77635684e-15],\n",
       "       [-2.66453526e-15,  1.00000000e+00, -1.77635684e-15,\n",
       "        -3.55271368e-15, -1.77635684e-15],\n",
       "       [ 5.32907052e-15,  3.55271368e-15,  1.00000000e+00,\n",
       "         7.10542736e-15,  5.32907052e-15],\n",
       "       [-1.11022302e-16,  1.11022302e-16, -2.77555756e-17,\n",
       "         1.00000000e+00, -1.11022302e-16],\n",
       "       [ 6.66133815e-16,  4.44089210e-16,  2.22044605e-16,\n",
       "         4.44089210e-16,  1.00000000e+00]])"
      ]
     },
     "execution_count": 46,
     "metadata": {},
     "output_type": "execute_result"
    }
   ],
   "source": [
    "np.matmul( np.linalg.inv(window_x), window_x)"
   ]
  },
  {
   "cell_type": "code",
   "execution_count": 39,
   "metadata": {},
   "outputs": [
    {
     "data": {
      "text/plain": [
       "array([[0.]])"
      ]
     },
     "execution_count": 39,
     "metadata": {},
     "output_type": "execute_result"
    }
   ],
   "source": [
    "np.zeros((1,1))"
   ]
  },
  {
   "cell_type": "code",
   "execution_count": 47,
   "metadata": {},
   "outputs": [],
   "source": [
    "a = np.array([[[1., 2.], [3., 4.]], [[1, 3], [3, 5]]])"
   ]
  },
  {
   "cell_type": "code",
   "execution_count": 48,
   "metadata": {},
   "outputs": [
    {
     "data": {
      "text/plain": [
       "array([[[1., 2.],\n",
       "        [3., 4.]],\n",
       "\n",
       "       [[1., 3.],\n",
       "        [3., 5.]]])"
      ]
     },
     "execution_count": 48,
     "metadata": {},
     "output_type": "execute_result"
    }
   ],
   "source": [
    "a"
   ]
  },
  {
   "cell_type": "code",
   "execution_count": 49,
   "metadata": {},
   "outputs": [
    {
     "data": {
      "text/plain": [
       "array([[[1., 2.],\n",
       "        [3., 4.]],\n",
       "\n",
       "       [[1., 3.],\n",
       "        [3., 5.]]])"
      ]
     },
     "execution_count": 49,
     "metadata": {},
     "output_type": "execute_result"
    }
   ],
   "source": [
    "a"
   ]
  },
  {
   "cell_type": "code",
   "execution_count": 50,
   "metadata": {},
   "outputs": [],
   "source": [
    "aa = np.array([[1., 2.], [3., 4.]])"
   ]
  },
  {
   "cell_type": "code",
   "execution_count": 51,
   "metadata": {},
   "outputs": [
    {
     "data": {
      "text/plain": [
       "array([[1., 2.],\n",
       "       [3., 4.]])"
      ]
     },
     "execution_count": 51,
     "metadata": {},
     "output_type": "execute_result"
    }
   ],
   "source": [
    "aa"
   ]
  },
  {
   "cell_type": "code",
   "execution_count": 52,
   "metadata": {},
   "outputs": [
    {
     "data": {
      "text/plain": [
       "array([[-2. ,  1. ],\n",
       "       [ 1.5, -0.5]])"
      ]
     },
     "execution_count": 52,
     "metadata": {},
     "output_type": "execute_result"
    }
   ],
   "source": [
    "np.linalg.inv(aa)"
   ]
  },
  {
   "cell_type": "code",
   "execution_count": 53,
   "metadata": {},
   "outputs": [
    {
     "data": {
      "text/plain": [
       "array([[1.00000000e+00, 1.11022302e-16],\n",
       "       [0.00000000e+00, 1.00000000e+00]])"
      ]
     },
     "execution_count": 53,
     "metadata": {},
     "output_type": "execute_result"
    }
   ],
   "source": [
    "np.matmul(aa, np.linalg.inv(aa))"
   ]
  },
  {
   "cell_type": "code",
   "execution_count": 54,
   "metadata": {},
   "outputs": [
    {
     "data": {
      "text/plain": [
       "array([[1.0000000e+00, 4.4408921e-16],\n",
       "       [0.0000000e+00, 1.0000000e+00]])"
      ]
     },
     "execution_count": 54,
     "metadata": {},
     "output_type": "execute_result"
    }
   ],
   "source": [
    "np.matmul(np.linalg.inv(aa), aa)"
   ]
  },
  {
   "cell_type": "code",
   "execution_count": null,
   "metadata": {},
   "outputs": [],
   "source": []
  }
 ],
 "metadata": {
  "kernelspec": {
   "display_name": "Python 3",
   "language": "python",
   "name": "python3"
  },
  "language_info": {
   "codemirror_mode": {
    "name": "ipython",
    "version": 3
   },
   "file_extension": ".py",
   "mimetype": "text/x-python",
   "name": "python",
   "nbconvert_exporter": "python",
   "pygments_lexer": "ipython3",
   "version": "3.8.5"
  }
 },
 "nbformat": 4,
 "nbformat_minor": 4
}
